v2.0 raw
280000
050000
908000
280000
150000
ffffff
008080
000000
088000
050000
008080
000000
008020
000000
088000
050000
008020
000000
088000
010040
028000
000000
008002
080001
010040
028000
000000
088000
010010
028000
000000
000060
000000
000090
000000
008002
000081
000000
088000
050000
008002
000081
000000
008102
000081
000000
088000
050000
008102
000081
000000
001002
000081
000000
001102
000081
000000
008202
000081
000000
088000
050000
008202
000081
000000
008302
000081
000000
088000
050000
008302
000081
000000
008402
000081
000000
088000
050000
008402
000081
000000
000502
000081
000000
000602
000081
000000
000702
000081
000000
000802
000081
000000
000902
000081
000000
400000
000000
400100
000000
400200
000000
400300
000000
400400
000000
400500
000000
400600
000000
400700
000000
008102
000000
088000
050000
008102
000000
